"study" "outcome" "r" "var" "n" "sampletype1"
"90" 1 1 -0.25 0.0093500664893617 95 "conv"
"91" 2 2 -0.17 0.00504296903743315 188 "conv"
"92" 3 3 -0.15 0.00892996495327103 108 "conv"
"360" 4 4 -0.155 0.00134918866944051 707 "conv"
"361" 4 5 -0.135 0.00107336542385857 899 "conv"
"449" 4 6 -0.088 0.00139457786053258 707 "conv"
"450" 4 7 -0.053 0.00110733840810802 899 "conv"
"96" 5 8 -0.174 0.00519538473025414 182 "conv"
"362" 5 9 -0.089 0.00271884182939503 363 "conv"
"451" 5 10 -0.175 0.00259582290227901 363 "conv"
"540" 5 11 -0.154 0.00263295704048619 363 "conv"
"97" 6 12 -0.15 0.00295822368421053 324 "conv"
"98" 7 13 -0.118 0.00503806154288083 194 "conv"
"99" 7 14 -0.317 0.00577942885086428 141 "conv"
"100" 8 15 -0.32 0.0206586092307692 40 "conv"
"101" 9 16 -0.186 0.00401726242765517 233 "conv"
"102" 10 17 -0.096 0.00177835676568116 553 "conv"
"103" 11 18 -0.101 0.0128908165842237 77 "conv"
"104" 11 19 -0.12 0.0102253406315789 96 "conv"
"372" 12 20 -0.125 0.00872967694256757 112 "MTurk"
"373" 12 21 -0.126 0.00357380091282657 272 "MTurk"
"461" 12 22 -0.115 0.00877229640202703 112 "MTurk"
"462" 12 23 -0.217 0.00335069879675646 272 "MTurk"
"107" 13 24 -0.131 0.00355136948500368 273 "MTurk"
"108" 14 25 -0.045 0.000293013857200647 3400 "repr"
"197" 14 26 -0.125 0.000285082124338041 3400 "repr"
"109" 15 27 -0.111 0.00305802447348276 320 "conv"
"110" 15 28 0.154 0.00362407014698099 264 "conv"
"198" 15 29 -0.132 0.00302650656983072 320 "conv"
"199" 15 30 -0.027 0.00379673966327376 264 "conv"
"112" 16 31 -0.091 0.00227137777127252 434 "conv"
"378" 16 32 -0.132 0.000907383078736842 1065 "conv"
"467" 16 33 -0.129 0.000908829814737782 1065 "conv"
"380" 17 34 -0.13 0.0033442408650519 290 "MTurk"
"469" 17 35 -0.31 0.0028271114532872 290 "MTurk"
"381" 18 36 -0.15 0.00323900423728814 296 "MTurk"
"470" 18 37 -0.15 0.00323900423728814 296 "MTurk"
"382" 19 38 -0.167 0.00379517990490361 250 "MTurk"
"471" 19 39 -0.181 0.00375723406875904 250 "MTurk"
"383" 20 40 -0.0423 0.00175118562664096 570 "conv"
"384" 20 41 -0.0764 0.00810131270575444 123 "conv"
"385" 20 42 -0.1711 0.00438282147870021 216 "MTurk"
"472" 20 43 -0.0656 0.00174237574500402 570 "conv"
"473" 20 44 -0.0347 0.00817699401502236 123 "conv"
"474" 20 45 -0.2775 0.00396240680250727 216 "MTurk"
"386" 21 46 -0.204 0.00966841991006316 96 "conv"
"475" 21 47 -0.207 0.00964355828211579 96 "conv"
"120" 22 48 -0.1 0.00675931034482759 146 "conv"
"121" 23 49 -0.203 0.000903913649637168 1018 "conv"
"300" 24 50 -0.37 0.00165911271714922 450 "MTurk"
"123" 25 51 -0.08 0.00206968754716981 478 "conv"
"124" 26 52 -0.099 0.00145473896083234 675 "repr"
"213" 26 53 -0.228 0.00133343373331751 675 "repr"
"303" 27 54 -0.13 0.00773188488 126 "conv"
"304" 27 55 -0.13 0.00464656543269231 209 "MTurk"
"392" 27 56 -0.009 0.007998704052488 126 "conv"
"393" 27 57 -0.172 0.00452743852430769 209 "MTurk"
"481" 27 58 -0.111 0.007804078456328 126 "conv"
"482" 27 59 -0.201 0.00442706846538942 209 "MTurk"
"570" 27 60 -0.104 0.007827879886848 126 "conv"
"571" 27 61 -0.202 0.00442335080007692 209 "MTurk"
"127" 28 62 -0.099 0.00435775137600444 226 "MTurk"
"128" 29 63 -0.11 0.00218822065022422 447 "conv"
"129" 30 64 -0.295 0.00408589877757353 205 "conv"
"130" 31 65 -0.325 0.00689574690193966 117 "MTurk"
"131" 31 66 -0.073 0.008913246831 112 "MTurk"
"132" 31 67 -0.278 0.007468463304 115 "MTurk"
"133" 31 68 -0.196 0.00797106714703448 117 "MTurk"
"134" 31 69 -0.296 0.00447550840567742 187 "MTurk"
"135" 32 70 -0.138 0.00314468847691503 307 "conv"
"314" 33 71 -0.11 0.00464736385714286 211 "MTurk"
"137" 34 72 -0.12 0.00789762081300813 124 "MTurk"
"138" 35 73 -0.126 0.00438235315554751 222 "conv"
"139" 35 74 -0.085 0.0033185259280303 298 "conv"
"140" 36 75 0.07 0.0267628110810811 38 "conv"
"141" 37 76 -0.096 0.00839019602270085 118 "conv"
"142" 38 77 -0.101 0.000442903282278933 2213 "MTurk"
"231" 38 78 -0.107 0.000441787106510398 2213 "MTurk"
"143" 39 79 -0.163 0.000690144145492353 1374 "conv"
"144" 40 80 -0.13 0.00107149180709534 903 "MTurk"
"412" 41 81 -0.18 0.00320633479452055 293 "MTurk"
"501" 41 82 -0.25 0.0030099529109589 293 "MTurk"
"57" 42 83 -0.16 0.00186533469548134 510 "MTurk"
"147" 43 84 -0.2 0.00714418604651163 130 "conv"
"148" 44 85 -0.009 0.00321491320437621 312 "conv"
"149" 44 86 0.008 0.00309557896004954 324 "conv"
"239" 45 87 -0.05 0.00367160977859779 272 "conv"
"418" 46 88 0.017 0.00485156351223786 207 "MTurk"
"507" 46 89 -0.063 0.00481591142214078 207 "MTurk"
"152" 47 90 -0.08446 0.00210637586218463 469 "conv"
"242" 48 91 0 0.00305810397553517 328 "conv"
"243" 48 92 0 0.00302114803625378 332 "conv"
"155" 49 93 0.041 0.00651399232523529 154 "conv"
"245" 50 94 -0.183 0.0021524044081129 435 "conv"
"246" 51 95 -0.106651388 0.00195085896716142 502 "conv"
"247" 52 96 -0.261 0.00262356033426284 332 "conv"
"248" 53 97 -0.175 0.000933155800024826 1008 "repr"
"249" 53 98 -0.219 0.00708108013688281 129 "conv"
"250" 53 99 -0.146 0.00483748672654545 199 "conv"
"162" 54 100 -0.249 0.00590498069799329 150 "conv"
"429" 54 101 -0.099 0.00658049704430201 150 "conv"
"518" 54 102 -0.077 0.00663206142980537 150 "conv"
"163" 55 103 -0.319 4.1833228829983e-06 192870 "YM"
"430" 55 104 -0.222 4.68639808707465e-06 192870 "YM"
"519" 55 105 -0.376 3.82246588812095e-06 192870 "YM"
"431" 56 106 -0.2 0.00218388625592417 423 "MTurk"
"520" 56 107 -0.22 0.00214583545023697 423 "MTurk"
"609" 56 108 -0.227 0.0021317470091019 423 "MTurk"
"165" 57 109 -0.12 0.00298894572307692 326 "MTurk"
"166" 57 110 -0.2 0.00274285714285714 337 "MTurk"
"256" 58 111 -0.005 0.000670207775217828 1493 "conv"
"435" 59 112 0 0.0104166666666667 97 "MTurk"
"169" 60 113 -0.16 0.00703300266666667 136 "MTurk"
"259" 61 114 -0.46 0.00175091425352113 356 "conv"
"260" 62 115 -0.55 0.00328720439189189 149 "conv"
"261" 63 116 -0.14 0.004470624 216 "conv"
"262" 63 117 -0.2 0.00565398773006135 164 "conv"
"263" 63 118 -0.03 0.0100828364646465 100 "conv"
"264" 64 119 -0.123 0.00708007946453285 138 "conv"
"265" 64 120 -0.115 0.00936273942908654 105 "conv"
"266" 64 121 0.028 0.00915993224455046 110 "conv"
"178" 65 122 -0.113 0.00102592110248526 951 "repr"
